0 0
10 0
20 0
30 0
40 0
50 0
60 0
70 0
80 0
90 0
100 2
110 0
120 0
130 0
140 0
150 1
160 1
170 0
180 1
190 1
200 0
210 2
220 1
230 2
240 3
250 2
260 0
270 2
280 2
290 0
300 5
310 9
320 6
330 4
340 9
350 10
360 4
370 3
380 9
390 14
400 13
410 12
420 7
430 13
440 14
450 22
460 14
470 31
480 28
490 36
500 37
510 42
520 54
530 57
540 54
550 51
560 67
570 82
580 75
590 100
600 104
610 111
620 106
630 132
640 148
650 133
660 147
670 193
680 212
690 211
700 252
710 267
720 262
730 265
740 301
750 371
760 422
770 399
780 450
790 482
800 549
810 609
820 649
830 691
840 749
850 750
860 769
870 802
880 831
890 847
900 853
910 877
920 861
930 824
940 821
950 829
960 834
970 793
980 815
990 805
1000 897
1010 861
1020 792
1030 880
1040 762
1050 746
1060 730
1070 754
1080 687
1090 674
1100 669
1110 687
1120 597
1130 578
1140 579
1150 545
1160 486
1170 507
1180 468
1190 466
1200 480
1210 469
1220 406
1230 402
1240 424
1250 374
1260 351
1270 329
1280 350
1290 332
1300 318
1310 301
1320 286
1330 266
1340 230
1350 263
1360 209
1370 219
1380 186
1390 209
1400 225
1410 191
1420 173
1430 176
1440 139
1450 162
1460 162
1470 126
1480 119
1490 126
1500 151
1510 119
1520 94
1530 90
1540 105
1550 64
1560 89
1570 91
1580 73
1590 63
1600 103
1610 77
1620 61
1630 59
1640 49
1650 64
1660 47
1670 56
1680 42
1690 41
1700 44
1710 42
1720 33
1730 37
1740 35
1750 30
1760 36
1770 29
1780 26
1790 22
1800 30
1810 33
1820 19
1830 20
1840 10
1850 23
1860 15
1870 14
1880 12
1890 13
1900 22
1910 17
1920 10
1930 11
1940 14
1950 14
1960 9
1970 12
1980 11
1990 9
2000 17
2010 11
2020 7
2030 10
2040 9
2050 10
2060 11
2070 7
2080 7
2090 4
2100 5
2110 9
2120 5
2130 4
2140 4
2150 1
2160 6
2170 0
2180 5
2190 3
2200 6
2210 5
2220 4
2230 0
2240 1
2250 1
2260 6
2270 4
2280 2
2290 3
2300 4
2310 2
2320 0
2330 3
2340 2
2350 3
2360 2
2370 2
2380 4
2390 0
2400 4
2410 2
2420 2
2430 1
2440 1
2450 0
2460 2
2470 0
2480 0
2490 2
2500 1
